0.000000000000000000e+00,9.256176731692089987e+00,2.961565711257084121e+00,6.782012435861602739e+00,8.215290561771718458e+00,5.658590073830414013e+00,7.037768454622585601e+00,2.744751248328176629e+00
9.256176731692089987e+00,0.000000000000000000e+00,7.014638662786589762e+00,2.500905674324798600e+00,9.211015053162615374e+00,4.997743680364535201e+00,1.196910699097791664e+01,1.115178684693984223e+01
2.961565711257084121e+00,7.014638662786589762e+00,0.000000000000000000e+00,4.539623261807425258e+00,9.098179632734375133e+00,2.738581994600682634e+00,9.161187532425321578e+00,5.637736090123858901e+00
6.782012435861602739e+00,2.500905674324798600e+00,4.539623261807425258e+00,0.000000000000000000e+00,8.249833910109767743e+00,2.916858629820295423e+00,1.028614437209385812e+01,8.813844252035909932e+00
8.215290561771718458e+00,9.211015053162615374e+00,9.098179632734375133e+00,8.249833910109767743e+00,0.000000000000000000e+00,1.005960693388429483e+01,4.137786988585039794e+00,7.457600985679323280e+00
5.658590073830414013e+00,4.997743680364535201e+00,2.738581994600682634e+00,2.916858629820295423e+00,1.005960693388429483e+01,0.000000000000000000e+00,1.108612850131852490e+01,8.235891946403432584e+00
7.037768454622585601e+00,1.196910699097791664e+01,9.161187532425321578e+00,1.028614437209385812e+01,4.137786988585039794e+00,1.108612850131852490e+01,0.000000000000000000e+00,5.013663268310700083e+00
2.744751248328176629e+00,1.115178684693984223e+01,5.637736090123858901e+00,8.813844252035909932e+00,7.457600985679323280e+00,8.235891946403432584e+00,5.013663268310700083e+00,0.000000000000000000e+00
