0.000000000000000000e+00,9.137974692722384162e+00,4.410131248543791571e+00,4.522063284510760006e+00,8.142520783197005230e+00,8.007475885539916405e+00,9.062836298703771831e+00,7.248239177966351754e+00
9.137974692722384162e+00,0.000000000000000000e+00,9.747633605405846779e+00,1.320587451561542025e+01,1.412991694198632864e+01,1.563666416054539532e+01,3.086070053466879681e+00,6.676799521243491853e+00
4.410131248543791571e+00,9.747633605405846779e+00,0.000000000000000000e+00,8.000158067045813226e+00,1.246833345338758647e+01,1.186802079179067704e+01,8.221219926062165229e+00,4.649413710238905040e+00
4.522063284510760006e+00,1.320587451561542025e+01,8.000158067045813226e+00,0.000000000000000000e+00,5.425511465739965900e+00,3.913847614913898543e+00,1.351868239442351260e+01,1.167747978959291189e+01
8.142520783197005230e+00,1.412991694198632864e+01,1.246833345338758647e+01,5.425511465739965900e+00,0.000000000000000000e+00,3.068105703756434988e+00,1.554019048696664562e+01,1.505302453056711087e+01
8.007475885539916405e+00,1.563666416054539532e+01,1.186802079179067704e+01,3.913847614913898543e+00,3.068105703756434988e+00,0.000000000000000000e+00,1.652767790542287685e+01,1.525288564821605775e+01
9.062836298703771831e+00,3.086070053466879681e+00,8.221219926062165229e+00,1.351868239442351260e+01,1.554019048696664562e+01,1.652767790542287685e+01,0.000000000000000000e+00,4.174081237911022590e+00
7.248239177966351754e+00,6.676799521243491853e+00,4.649413710238905040e+00,1.167747978959291189e+01,1.505302453056711087e+01,1.525288564821605775e+01,4.174081237911022590e+00,0.000000000000000000e+00
