0.000000000000000000e+00,4.861137470920785297e+00,9.972767439087187213e+00,5.246088830815438975e+00,9.193632262897265761e+00,8.880048741138917734e+00,7.549237263796309882e+00,5.229355043037012152e+00
4.861137470920785297e+00,0.000000000000000000e+00,8.062182571103205575e+00,3.862260744740479979e+00,4.487182624076616833e+00,9.860038694533219683e+00,1.035512069227850063e+01,1.751661981514341493e+00
9.972767439087187213e+00,8.062182571103205575e+00,0.000000000000000000e+00,4.845751506901391004e+00,7.088194235028288048e+00,5.503715113246911983e+00,8.762979706288190229e+00,9.791442854950624053e+00
5.246088830815438975e+00,3.862260744740479979e+00,4.845751506901391004e+00,0.000000000000000000e+00,5.722335685751520629e+00,6.073839394209030296e+00,7.277366934606737559e+00,5.573264343129772591e+00
9.193632262897265761e+00,4.487182624076616833e+00,7.088194235028288048e+00,5.722335685751520629e+00,0.000000000000000000e+00,1.118952269182591586e+01,1.298265775351769769e+01,5.314778321866690192e+00
8.880048741138917734e+00,9.860038694533219683e+00,5.503715113246911983e+00,6.073839394209030296e+00,1.118952269182591586e+01,0.000000000000000000e+00,3.753398076378541059e+00,1.148447203632329128e+01
7.549237263796309882e+00,1.035512069227850063e+01,8.762979706288190229e+00,7.277366934606737559e+00,1.298265775351769769e+01,3.753398076378541059e+00,0.000000000000000000e+00,1.165928819855134968e+01
5.229355043037012152e+00,1.751661981514341493e+00,9.791442854950624053e+00,5.573264343129772591e+00,5.314778321866690192e+00,1.148447203632329128e+01,1.165928819855134968e+01,0.000000000000000000e+00
